0.000033300000000
0.000029200000000
0.000038900000000
0.000074400000000
0.000152000000000
0.000116400000000
0.000150900000000
0.000203800000000
0.000294700000000
0.000236300000000
0.000359300000000
0.000552100000000
0.000704400000000
0.000924000000000
0.001677800000000
0.002004300000000
0.002698100000000
0.004584700000000
0.005573100000000
0.010004400000000
0.012565600000000
0.016447200000000
0.025791600000000
0.039988500000000
0.049909900000000
0.067511200000000
0.097370200000000
0.156885600000000
0.200932300000000
0.327702500000000
0.437455000000000
0.653698500000000
0.827121400000000
1.369704600000000
1.820796500000000
2.759932699999999
3.922657599999999
6.113130600000000
8.436705199999999
11.687645600000000
15.626204799999996
24.599446799999996
32.025756000000001
49.239444000000006
65.205997100000019
124.409415600000017
169.766323200000045
260.685406400000033
0.00003110000000000
0.00002640000000000
0.00002880000000000
0.00004690000000000
0.00007550000000000
0.00008250000000000
0.00011970000000000
0.00021000000000000
0.00026400000000000
0.00027300000000000
0.00047770000000000
0.00057640000000000
0.00064680000000000
0.00082680000000000
0.00125000000000000
0.00198310000000000
0.00260670000000000
0.00410140000000000
0.00539190000000000
0.00938520000000000
0.01116450000000000
0.01566680000000000
0.02269980000000000
0.03696450000000000
0.04584270000000000
0.06281260000000000
0.09366330000000003
0.14733000000000002
0.19575100000000001
0.31289279999999997
0.40655509999999995
0.62512070000000008
0.78279770000000015
1.36562599999999978
1.79828890000000019
2.60429949999999977
3.69784519999999972
5.72924370000000138
7.73555770000000109
11.29350979999999893
14.92746500000000509
23.90486549999999966
33.23992340000000922
51.12337620000000982
66.78345079999999712
126.83042270000001395
168.92160229999996091
265.47425729999997657
